13291	NA06986	0	0	1	1
13291	NA07037	0	0	2	1
13292	NA07051	0	0	1	1
1334	NA12144	0	0	1	2
1340	NA06994	0	0	1	1
1340	NA07000	0	0	2	1
1345	NA07346	0	0	2	2
1345	NA07347	0	0	1	1
1345	NA07357	0	0	1	2
1346	NA12043	0	0	1	1
1346	NA12044	0	0	2	1
1346	NA12045	0	0	1	1
1347	NA11881	0	0	1	1
1350	NA11829	0	0	1	0
1350	NA11830	0	0	2	2
1350	NA11831	0	0	1	1
1353	NA12489	0	0	2	2
1358	NA12716	0	0	1	1
1362	NA11992	0	0	1	2
1362	NA11993	0	0	2	1
1362	NA11994	0	0	1	2
1362	NA11995	0	0	2	1
1377	NA11894	0	0	2	1
1408	NA12154	0	0	1	1
1408	NA12155	0	0	1	2
1408	NA12156	0	0	2	2
1416	NA12249	0	0	2	1
1420	NA12003	0	0	1	1
1420	NA12006	0	0	2	1
1421	NA12287	0	0	2	1
1423	NA11918	0	0	2	1
1423	NA11919	0	0	1	1
1423	NA11920	0	0	2	2
1424	NA11931	0	0	2	0
1444	NA12749	0	0	2	1
1444	NA12750	0	0	1	1
1444	NA12751	0	0	2	1
1447	NA12761	0	0	2	1
1447	NA12763	0	0	2	2
1451	NA12776	0	0	2	1
1454	NA12813	0	0	2	1
1456	NA12828	0	0	2	2
1463	NA12878	NA12891	NA12892	2	1
1463	NA12891	0	0	1	1
1463	NA12892	0	0	2	2
