NA06986	13291	0	0	1	1
NA06994	1340	0	0	1	2
NA07000	1340	0	0	2	1
NA07037	13291	0	0	2	1
NA07051	13292	0	0	1	1
NA07346	1345	NA12045	NA12044	2	1
NA07347	1345	0	0	1	0
NA07357	1345	NA07347	NA07346	1	2
NA11829	1350	0	0	1	1
NA11830	1350	0	0	2	1
NA11831	1350	0	0	1	2
NA11881	1347	0	0	1	2
NA11894	1377	0	0	2	1
NA11918	1423	0	0	2	1
NA11919	1423	0	0	1	1
NA11920	1423	0	0	2	1
NA11931	1424	0	0	2	1
NA11992	1362	NA11994	NA11995	1	2
NA11993	1362	NA11994	NA11995	2	1
NA11994	1362	0	0	1	2
NA11995	1362	0	0	2	1
NA12003	1420	0	0	1	1
NA12006	1420	0	0	2	1
NA12043	1345	NA07347	NA07346	1	1
NA12044	1345	0	0	2	2
NA12045	1345	0	0	1	1
NA12144	1334	0	0	1	1
NA12154	1408	0	0	1	1
NA12155	1408	0	0	1	1
NA12156	1408	0	0	2	1
NA12249	1416	0	0	2	1
NA12287	1421	0	0	2	2
NA12489	1353	0	0	2	1
NA12716	1358	0	0	1	1
NA12749	1444	NA12750	NA12751	2	1
NA12750	1444	0	0	1	2
NA12751	1444	0	0	2	0
NA12761	1447	0	0	2	1
NA12763	1447	0	0	2	2
NA12776	1451	0	0	2	1
NA12813	1454	0	0	2	1
NA12828	1456	0	0	2	1
NA12878	1463	NA12891	NA12892	2	2
NA12891	1463	0	0	1	2
NA12892	1463	0	0	2	1
